0,0.010548971931888546,-0.23284638410043873,0.042798380895364509,0.30257813091717584
1,0.0058920442498797713,-0.038359703982815824,0.048849943513708027,0.02369413414063043
2,0.0051248501702234545,0.15602889338651316,0.049323826196520634,-0.25318475441044264
3,0.0082454280379537174,-0.039761378643236089,0.044260131108311784,0.054638807041223703
4,0.0074502004650889957,0.15469891959574614,0.045352907249136258,-0.22375775163482919
5,0.010544178857003919,-0.041040913172944116,0.040877752216439675,0.082879272551564132
6,0.0097233605935450364,0.15347194860094551,0.04253533766747096,-0.19663156975532314
7,0.012792799565563947,-0.042231789575416484,0.0386027062723645,0.10916013778664946
8,0.011948163774055618,0.1523163384670855,0.040785909028097492,-0.17109827194361699
9,0.014994490543397328,-0.043364924473985017,0.037363943589225151,0.13416725391542528
10,0.014127192053917628,0.15120246171157298,0.040047288667533654,-0.14649768399622859
11,0.017151241288149086,-0.044469424212610187,0.03711733498760908,0.15854557055429275
12,0.016261852803896883,0.15010200375770624,0.040288246398694938,-0.12220055821784631
13,0.019263892879051007,-0.045573300950130541,0.037844235234338011,0.18291576475727422
14,0.018352426860048395,0.14898728256093682,0.041502550529483498,-0.097592600672293695
15,0.021332172511267133,0.34349059533109716,0.039550698516037625,-0.37689809019580323
16,0.028201984417889077,0.14782988358358937,0.032012736712121556,-0.072011666398476948
17,0.031158582089560863,0.3424786098072955,0.030572503384152017,-0.35442502213838911
18,0.038008154285706773,0.14693559271370646,0.023484002941384235,-0.052260647269545601
19,0.0409468661399809,0.34171307683089763,0.022438789995993323,-0.33744265028142711
20,0.047781127676598853,0.14627911991078943,0.015689936990364781,-0.037769061774708068
21,0.050706710074814643,0.34117260295723406,0.01493455575487062,-0.32546065156625353
22,0.057530162133959326,0.14584123107992417,0.0084253427235455487,-0.028105672140958549
23,0.060446986755557812,0.34084134993483706,0.0078632292807263773,-0.31811844726273852
24,0.067263813754254553,0.14560829273574205,0.0015008603354716068,-0.022966149331788088
25,0.070175979608969388,0.34070868806927918,0.0010415373488358451,-0.31517515994949474
26,0.076990153370354975,0.14557191611792172,-0.00526196585015405,-0.022163948860534466
27,0.079901591692713408,-0.049474179571381699,-0.0057052448273647392,0.26885413349299986
28,0.07891210810128578,0.14572872419488858,-0.00032816215750474179,-0.025622789684740022
29,0.081826682585183552,0.34085537999189008,-0.00084061795119954219,-0.31840923729286619
30,0.088643790185021359,0.14574541139960073,-0.0072088026970568656,-0.025991529457139562
31,0.091558698413013367,-0.049272421839610558,-0.0077286332861996572,0.26440824995306039
32,0.090573249976221154,0.145958984474654,-0.0024404682871384496,-0.030702308989022431
33,0.093492429665714236,-0.049127884223520324,-0.003054514466918898,0.26120962565819134
34,0.09250987198124383,0.14603753636702632,0.0021696780462449284,-0.032435165406911826
35,0.095430622708584351,0.34112830635359509,0.0015209747381066919,-0.32443274674915057
36,0.10225318883565625,0.1459847313840788,-0.0049676801968763194,-0.031270556472830779
37,0.10517288346333782,-0.049065629744083655,-0.0055930913263329352,0.25984088318877929
38,0.10419157086845615,0.14613571769277475,-0.0003962736625573492,-0.03460091844044072
39,0.10711428522231164,0.34126334935101243,-0.0010882920313661636,-0.32740884740045917
40,0.1139395522093319,0.14615690891208222,-0.0076364689793753469,-0.035069317846167736
41,0.11686269038757355,-0.048854705488985906,-0.0083378553362987023,0.25519447456481548
42,0.11588559627779382,0.14638529436238243,-0.0032339658450023928,-0.040106646548578817
43,0.11881330216504148,-0.048690133170101735,-0.0040360987759739692,0.25155418029795168
44,0.11783949950163944,0.14648921916705682,0.00099498482998506416,-0.04239907341209026
45,0.12076928388498058,0.34159688846915848,0.00014700336174325898,-0.3347679070068203
46,0.12760122165436374,0.14647284538765745,-0.006548354778393147,-0.042038626558843106
47,0.13053067856211689,-0.048554594900986292,-0.0073891273095700091,0.24857105912936156
48,0.12955958666409717,0.14667209801474151,-0.002417706126982778,-0.046433369524799484
49,0.132493028624392,-0.048415101541864791,-0.0033463735174787679,0.24548576964384
50,0.13152472659355469,0.14675448455055895,0.0015633418753980321,-0.048250802310922714
51,0.13445981628456585,-0.048389848793798179,0.00059832582917957778,0.24492496232473221
52,0.1334920193086899,0.14672355146592508,0.0054968250756742216,-0.04756917789453069
53,0.13642649033800841,0.3417662526848364,0.0045454415177836075,-0.33851275137605091
54,0.14326181539170513,0.14657991731776121,-0.0022248135097374111,-0.044399917680066625
55,0.14619341373806036,-0.048510060546803596,-0.0031128118633387434,0.24758023024325243
56,0.14522321252712428,0.14665620814153824,0.0018387927415263053,-0.046082919688324397
57,0.14815633668995504,0.341751743984401,0.00091713434775981737,-0.33818512395466144
58,0.15499137156964304,0.1466167540669889,-0.0058465681313334111,-0.045213124719306164
59,0.15792370665098282,-0.048420874567990296,-0.0067508306257195345,0.24561943687473409
60,0.15695528915962301,0.14679684219143771,-0.0018384418882248527,-0.049185194821070699
61,0.15989122600345176,-0.04829869923092503,-0.0028221457846462667,0.24291712115397807
62,0.15892525201883326,0.14686344927081987,0.002036196638433295,-0.050654645581028002
63,0.16186252100424967,0.34195614444292044,0.001023103726812735,-0.34269444028646812
64,0.16870164389310807,0.14681965259683225,-0.0058307850789166274,-0.049689063267174205
65,0.1716380369450447,-0.048218207389242762,-0.0068245663442601115,0.2411485124454773
66,0.17067367279725984,0.14700056259947547,-0.0020015960953505656,-0.053679230301976966
67,0.17361368404924934,-0.048092631314834322,-0.0030751807013901051,0.23837150549647307
68,0.17265183142295265,0.1470731166997373,0.0016922494085393567,-0.055279834004440087
69,0.17559329375694741,0.34217076279710174,0.00058665272845055487,-0.34742836303490915
70,0.18243670901288944,0.14704047212038776,-0.0063619145322476277,-0.054560501494804514
71,0.18537751845529721,-0.047989683297112173,-0.0074531245621437181,0.23610842116448549
72,0.18441772478935498,0.14723795382336419,-0.0027309561388540078,-0.058916099353878926
73,0.18736248386582227,-0.047844734472035244,-0.0039092781259315867,0.23290394177031332
74,0.18640558917638156,0.14733285581024827,0.00074880070947467951,-0.061009531402938522
75,0.18935224629258651,-0.047799823578341616,-0.00047138991858409096,0.23190955300942656
76,0.18839624982101968,0.14732886015485128,0.0041668011416044403,-0.06092202870186203
77,0.1913428270241167,0.34239082132105064,0.0029483605675671995,-0.35228739443087265
78,0.19819064345053772,0.1472270676622881,-0.0040973873210502533,-0.058676219584796852
79,0.20113518480378348,-0.047835895826915775,-0.0052709117127461898,0.2327111410276867
80,0.20017846688724517,0.14736097129434267,-0.00061668889219245598,-0.061629733237430095
81,0.20312568631313202,-0.047752132561966448,-0.0018492835569410579,0.23085856037232821
82,0.20217064366189269,0.14739619504219098,0.0027678876505055064,-0.06240711955644368
83,0.2051185675627365,0.34247835206393268,0.0015197452593766327,-0.35421547623671945
84,0.21196813460401515,0.14733482451509267,-0.0055645642653577567,-0.061053718010502689
85,0.214914831094317,-0.047706902694430176,-0.0067856386255678103,0.22986836985534642
86,0.21396069304042839,0.14751135401696566,-0.0021882712284608816,-0.064947236081216664
87,0.21691092012076771,-0.047579154940505075,-0.0034872159500852146,0.22704447547984508
88,0.2159593370219576,0.14759245861110581,0.0010536735595116867,-0.066736404196830135
89,0.21891118619417971,-0.047544583387505085,-0.00028105452442491602,0.22627877628532511
90,0.21796029452642959,0.14758138339758278,0.0042445210012815862,-0.066492792361408926
91,0.22091192219438124,0.34264222387842724,0.0029146651540534075,-0.35783353200322932
92,0.22776476667194978,0.14747895775084269,-0.0042420054860111793,-0.06423296594287603
93,0.23071434582696662,-0.047581917876072716,-0.0055266648048687,0.2271085690955158
94,0.22976270746944516,0.14761857783388713,-0.00098449342295838394,-0.067312534005477764
95,0.2327150790261229,-0.04748924483339842,-0.0023307441030679392,0.22505961714799683
96,0.23176529412945493,0.14766593979725248,0.0021704482398919975,-0.068357602828134301
97,0.23471861292539997,-0.047487061565556904,0.00080329618332931137,0.22500932099613347
98,0.23376887169408883,0.14762339968203902,0.0053034826032519805,-0.067420107396411022
99,0.2367213396877296,0.34266891473163325,0.0039550804553237602,-0.35842504888111465
100,0.24357471798236227,0.14749096156783378,-0.0032134205222985332,-0.064497618337070906
101,0.24652453721371895,-0.047584770465533666,-0.0045033728890399513,0.22716972493218135
102,0.24557284180440828,0.14760124846566475,4.0021609603676025e-05,-0.066930321790715008
103,0.24852486677372157,-0.04752127652451768,-0.0012985848262106242,0.22576523181337887
104,0.24757444124323122,0.14761920962815717,0.0032167198100569528,-0.067327034444920442
105,0.25052682543579435,0.34269489522702634,0.0018701791211585439,-0.35899333497332164
106,0.2573807233403349,0.14754640804979544,-0.005309687578307889,-0.065721283775331152
107,0.26033165150133081,-0.04749901593259187,-0.006624113253814512,0.22528168724008957
108,0.25938167118267896,0.14771697724101487,-0.0021184795090127204,-0.069483353204364107
109,0.26233601072749924,-0.04737453788602447,-0.0035081465731000025,0.22253043030514663
110,0.26138851996977874,0.14779737963593037,0.00094246203300293006,-0.071257037457432837
111,0.26434446756249735,-0.047338070509257563,-0.00048267871614572676,0.22172309156248621
112,0.26339770615231223,0.14779077655164993,0.0039517831151039979,-0.071112052470257148
113,0.26635352168334525,0.34285585060936513,0.0025295420656988549,-0.36254555765948288
114,0.27321063869553253,0.147698037951706,-0.0047213690874908024,-0.069066090648373712
115,0.27616459945456667,-0.047355906759361743,-0.0061026909004582765,0.22212348806128013
116,0.27521748131937945,0.14785273809775934,-0.0016602211392326739,-0.072478206636592213
117,0.27817453608133463,-0.047245372325415397,-0.0031097852719645181,0.21968045089085808
118,0.27722962863482631,0.14792089295972041,0.0012838237458526434,-0.073981806879085343
119,0.28018804649402074,-0.047219439761506693,-0.00019581239172906354,0.2191058950571636
120,0.27924365769879061,0.14790530997559057,0.0041863055094142091,-0.073638792780105766
121,0.28220176389830243,0.34296699616479115,0.002713529653812094,-0.36499798797825594
122,0.28906110382159828,0.1478065869854811,-0.0045864301057530251,-0.071460675229611192
123,0.29201723556130788,-0.04724931166440513,-0.0060156436103452494,0.21977168972637168
124,0.29107224932801978,0.14795811025821023,-0.0016202098158178161,-0.074802733608027194
125,0.29403141153318396,-0.047140576192518879,-0.0031162644879783601,0.21736857047848335
126,0.29308860000933357,0.14802578420295029,0.0012311069215913072,-0.07629572893181108
127,0.29604911569339259,-0.047113794241228552,-0.00029480765704491436,0.21677536225929595
128,0.295106839808568,0.14801237019480346,0.0040406995881410047,-0.076000545125629149
129,0.29806708721246405,0.34307616223290222,0.0025206886856284218,-0.3674058820978775
130,0.30492861045712211,0.14791848349499287,-0.0048274289563291287,-0.073929212306838799
131,0.30788698012702198,-0.04713392954908921,-0.0063060132024659044,0.21722673952881266
132,0.30694430153604019,0.148077598427348,-0.0019614784118896509,-0.077438685991963796
133,0.30990585350458716,-0.047016178946908571,-0.0035102521317289265,0.21462474283379634
134,0.30896552992564896,0.14815578029385806,0.0007822427249470007,-0.079163404373908397
135,0.31192864553152611,-0.046977375907090585,-0.00080102536253116733,0.213766219713177
136,0.31098909801338431,0.14815601831117056,0.0034742990317323725,-0.079169279141337257
137,0.31395221837960774,0.34322799235222162,0.0018909134489056274,-0.37075403234496934
138,0.32081677822665217,0.14807922736971824,-0.0055241671979937594,-0.077475479972034356
139,0.32377836277404654,-0.046963097662078096,-0.0070736767974344467,0.21345944669549888
140,0.32283910082080497,0.14825926785926755,-0.0028044878635244694,-0.081446419010269056
141,0.32580428617799034,-0.04682236899191855,-0.0044334162437298505,0.21035036715614575
142,0.32486783879815195,0.14836269097973406,-0.00022640890060693537,-0.083727765613811456
143,0.32783509261774663,-0.046756014021563042,-0.0019009642128831644,0.20888372017044093
144,0.32689997233731538,0.14839306722021336,0.0022767101905256542,-0.084398255931823207
145,0.32986783368171962,-0.046761445403894292,0.00058874507188919002,0.20900210654814022
146,0.32893260477364172,0.14835208249332926,0.0047687872028519939,-0.083495043533761193
147,0.33189964642350833,0.34340535123060523,0.0030988863321767699,-0.37466960169404856
148,0.33876775344812043,0.14823951926910278,-0.0043945057017042016,-0.081011188274434043
149,0.34173254383350249,-0.046819161630007045,-0.0060147294671928824,0.21028202737769836
150,0.34079616060090234,0.14838827133119051,-0.0018090889196389149,-0.084292145371132776
151,0.34376392602752615,-0.046707700782497086,-0.0034949318270615704,0.20781946206430302
152,0.3428297720118762,0.1484640507717159,0.00066145741422449006,-0.085963885183116817
153,0.34579905302731051,-0.046667375696570895,-0.0010578202894378464,0.20692765895362558
154,0.34486570551337908,0.14846968603529506,0.0030807328896346655,-0.086088768984879882
155,0.34783509923408501,0.34354734211892257,0.0013589575099370679,-0.37779813047546662
156,0.35470604607646344,0.14840611708826298,-0.0061970050995722639,-0.084687029829551785
157,0.35767416841822869,-0.04662645761669848,-0.0078907456961633,0.20603430704944603
158,0.35674163926589469,0.14860743750997354,-0.0037700595551743796,-0.089127273835450938
159,0.35971378801609416,-0.046460272398602287,-0.0055526050318833982,0.20236381672223919
160,0.35878458256812212,0.14874064746731006,-0.001505328697438614,-0.092065506837527067
161,0.36175939551746833,-0.046359695267649964,-0.0033466388341891551,0.20014210921991998
162,0.36083220161211532,0.14880996056274645,0.00065620335020924458,-0.093594645083960648
163,0.36380840082337024,-0.046321389814188429,-0.0012156895514699685,0.19929524123447512
164,0.36288197302708647,0.14881792794541876,0.0027702152732195342,-0.093770931747600539
165,0.36585833158599484,-0.046343618660869002,0.00089479663826752326,0.19978470714534657
166,0.36493145921277748,0.14876552328553599,0.0048904907811744541,-0.092615818435509034
167,0.36790676967848818,0.34381703841376743,0.0030381744124642731,-0.38375179380576252
168,0.37478311044676355,0.1486520839145139,-0.0046368614636509778,-0.090112491255862737
169,0.37775615212505381,-0.046403098753357158,-0.0064391112887682324,0.20110390503064463
170,0.37682809014998669,0.14881034989682257,-0.0024170331881553401,-0.093603283124951919
171,0.37980429714792313,-0.046276874931944045,-0.0042890988506543784,0.19831609227128888
172,0.37887875964928425,0.14890616018556474,-0.00032277700522860032,-0.095716758610565167
173,0.38185688285299552,-0.046211163337279954,-0.0022371121774399038,0.19686431498958956
174,0.38093265958624994,0.14894271518748101,0.0017001741223518873,-0.096523480718718524
175,0.38391151388999956,-0.046203562241506096,-0.00023029549202248324,0.19669536330981652
176,0.38298744264516943,0.14892168230244099,0.0037036117741738469,-0.096060202618661383
177,0.38596587629121826,-0.046253154413388148,0.0017824077218006192,0.19778890395782095
178,0.38504081320295047,0.14884325720058639,0.0057381858009570384,-0.094331221007874
179,0.38801767834696221,0.34388249616144578,0.0038515613807995584,-0.38519824558489929
180,0.39489532827019114,0.14870607786108694,-0.0038524035308984276,-0.091303433397490252
181,0.3978694498274129,-0.046360444305145077,-0.0056784721988482325,0.20016157477937346
182,0.39694224094130998,0.14884226025404401,-0.0016752407032607636,-0.094307223186327616
183,0.39991908614639088,-0.046255640080049065,-0.0035613851669873157,0.19784669613186312
184,0.39899397334478992,0.14891706904773999,0.00039554875564994704,-0.095957555987946586
185,0.40197231472574474,-0.046210549132005757,-0.0015236023641089847,0.19685013971572357
186,0.40104810374310462,0.14893316199542048,0.0024134004302054863,-0.096313026147511194
187,0.40402676698301304,-0.046223295770324413,0.00048713990725526238,0.19713034702238391
188,0.40310230106760653,0.14889168423191784,0.0044297468477029409,-0.095398869127548969
189,0.40608013475224486,0.34394986649808584,0.0025217694651519613,-0.38668093054763913
190,0.41295913208220658,0.14879220824058867,-0.0052118491458008212,-0.093203974526625821
191,0.41593497624701836,-0.04625465529482034,-0.007075928636333338,0.19783007047579254
192,0.41500988314112197,0.14896778633815277,-0.0031193272268174874,-0.097076566753441507
193,0.41798923886788503,-0.046109319245505737,-0.0050608585618863175,0.19462058730096504
194,0.41706705248297493,0.14908465803375792,-0.0011684468158670168,-0.09965451516827345
195,0.42004874564365008,-0.04602052779405047,-0.0031615371192324857,0.19265954050961942
196,0.41912833508776909,0.14914650696784326,0.00069165369095990298,-0.10101903893178837
197,0.42211126522712594,-0.045985349858193469,-0.0013287270876758644,0.19188202246510894
198,0.42119155822996207,0.14915558429193565,0.0025089133616263146,-0.10121976601566757
199,0.42417466991580077,-0.046002233301466133,0.00048451804131296322,0.19225365879232403
200,-0.027925326821794202,0.16890381672694477,0.029912335918075749,-0.32931458916399992
201,-0.024547250487255305,-0.026630903261762789,0.023326044134795752,-0.027350799716077068
202,-0.025079868552490562,-0.22207946584762506,0.022779028140474212,0.2725995245656917
203,-0.029521457869443064,-0.027289829263180881,0.028231018631788046,-0.012812673527235141
204,-0.03006725445470668,0.16741611591450242,0.027974765161243344,-0.29645639791559059
205,-0.026718932136416632,-0.028093234336902057,0.022045637202931533,0.0049163908238420984
206,-0.027280796823154672,0.1667057268700598,0.022143965019408376,-0.2807301558178234
207,-0.023946682285753477,-0.028724984118605468,0.016529361903051907,0.018853834421723503
208,-0.024521181968125586,0.16615606512310505,0.016906438591486377,-0.26856839521715425
209,-0.021198060665663484,-0.029203027929124326,0.011535070687143292,0.029398622248739514
210,-0.021782121224245971,0.16575161991368512,0.012123043132118082,-0.25962265896987324
211,-0.018467088825972269,-0.029541279228353395,0.0069305899527206168,0.036859251004232763
212,-0.019057914410539337,0.16548060414196469,0.0076677749728052726,-0.25362897131933865
213,-0.015748302327700043,-0.029749988790140403,0.0025951955464184997,0.041462612968838686
214,-0.016343302103502853,-0.22490905821612278,0.0034244478057952731,0.33496321793946127
215,-0.020841483267825308,-0.029836010737422897,0.010123712164584499,0.043362148100117681
216,-0.021438203482573765,0.16513931800936016,0.010990955126586852,-0.24610953741258573
217,-0.01813541712238656,-0.030137871420103074,0.0060687643783351375,0.050019830385396313
218,-0.018738174550788623,0.16489653620151926,0.0070691609860430637,-0.24074218796495372
219,-0.015440243826758238,-0.030325680213722728,0.0022543172267439895,0.054162135822925006
220,-0.01604675743103269,0.16476387481523902,0.0033375599432024896,-0.23780868444156822
221,-0.012751479934727909,-0.030405598321254584,-0.0014186137456288746,0.055925135526844194
222,-0.013359591901153002,0.16473666480405813,-0.00030011103509199077,-0.23720503692477357
223,-0.010064858605071839,-0.030380997572669571,-0.0050442117735874622,0.055383210817132267
224,-0.010672478556525231,-0.22543026060324509,-0.0039365475572448166,0.3464703912626842
225,-0.015181083768590134,-0.030252536445028844,0.0029928602680088677,0.052548731444752861
226,-0.015786134497490712,0.16482637324209437,0.0040438348969039249,-0.23918842295924309
227,-0.012489607032648824,-0.030353112609331379,-0.000739933562280937,0.054767296271472476
228,-0.013096669284835452,0.16477944035393044,0.00035541236314851261,-0.23814899349433394
229,-0.009801080477756843,-0.030347586529487491,-0.0044075675067381664,0.054646019577324789
230,-0.010408032208346593,-0.22540606317378997,-0.0033146471151916709,0.34593507189722333
231,-0.014916153471822392,-0.030237119303328064,0.0036040543227527956,0.052208759846784802
232,-0.015520895857888952,0.16483296913507078,0.0046482295196884921,-0.23933488278145554
233,-0.012224236475187536,-0.030355075200392656,-0.0001384681359406191,0.054810595354988279
234,-0.01283133797919539,0.16476886117521372,0.00095774377115914657,-0.23791601603436219
235,-0.0095359607556911152,-0.030366759496231716,-0.0038005765495280975,0.055068857353993639
236,-0.010143295945615749,-0.22543401048872544,-0.0026991994024482247,0.34655025381023402
237,-0.014651976155390257,-0.030273769286196073,0.0042318056737564551,0.053017394751002811
238,-0.015257451541114178,0.16478724837885261,0.0052921535687765111,-0.23832736470505184
239,-0.011961706573537125,-0.030409905378539243,0.00052560627467547385,0.05602015167839286
240,-0.012569904681107909,0.16470450554435995,0.0016460093082433312,-0.2364968960413007
241,-0.0092758145702207112,-0.030440923311123885,-0.003083928612582683,0.056704777222657932
242,-0.0098846330364431891,0.16472511018768629,-0.0019498330681295244,-0.23694955448973287
243,-0.006590130832689463,-0.030368930174505315,-0.0066888241579241819,0.055117699206375492
244,-0.0071975094361795694,-0.22539433811055418,-0.005586470173796672,0.34568276736466724
245,-0.011705396198390653,-0.030193367427384432,0.0013271851734966726,0.0512434666088179
246,-0.012309263546938341,0.16490952829120267,0.0023520545056730305,-0.24102042689896352
247,-0.0090110729811142872,-0.030245942410068394,-0.00246835403230624,0.052403472816874408
248,-0.0096159918293156552,-0.22533241360557066,-0.0014202845759687518,0.34430659279901127
249,-0.014122640101427069,-0.03019028652110764,0.0054658472800114734,0.051176133879053176
250,-0.014726445831849221,0.16485286561440576,0.0064893699575925366,-0.23977727297941726
251,-0.011429388519561105,-0.030361184545935643,0.0016938244980041917,0.054945498030374407
252,-0.012036612210479818,0.16473643883013614,0.0027927344586116797,-0.23720253306217004
253,-0.0087418834338770946,-0.030425299403941564,-0.0019513162026317211,0.056359995549890851
254,-0.0093503894219559257,0.16472457605725133,-0.00082411629163390405,-0.23693794694697329
255,-0.0060558979008108992,-0.030385591575048887,-0.0055628752305733704,0.055484914954780917
256,-0.006663609732311877,-0.22542733974620519,-0.0044531769314777522,0.34640753358042359
257,-0.01117215652723598,-0.030242328852913863,0.0024749737401307198,0.052323690548978119
258,-0.011777003104294257,0.16484404693794172,0.003521447551110282,-0.23957733535055892
259,-0.0084801221655354218,-0.030328032293211071,-0.0012700991559008966,0.054214271751221621
260,-0.0090866828113996441,0.16481210731182921,-0.00018581372087646416,-0.23886911061480087
261,-0.0057904406651630592,-0.030307188917777339,-0.0049631959331724821,0.053755199443360935
262,-0.0063965844435186058,-0.22535762424186231,-0.0038880919443052631,0.34486807526931829
263,-0.010903736928355851,-0.030180579694627813,0.0030092695610811028,0.050961625200583338
264,-0.011507348522248408,0.16489809281965745,0.0040285020650927695,-0.240770334725255
265,-0.0082093866658552589,-0.03028117278333145,-0.00078690462941233014,0.053180564437887323
266,-0.0088150101215218879,0.16485205278302342,0.00027670665934541642,-0.2397505332261855
267,-0.0055179690658614198,-0.030273850204282915,-0.0045183040051782935,0.053019661806491925
268,-0.0061234460699470779,-0.22533072423444328,-0.0034579107690484549,0.3442736094241583
269,-0.010630060554635943,-0.03015975251589903,0.0034275614194347109,0.050502278370469722
270,-0.011233255604953925,0.16491288368238932,0.0044376069868441049,-0.24109725603350801
271,-0.007934997931306139,-0.030272175582311073,-0.00038433813382605583,0.052982102300228817
272,-0.0085404414429523599,0.16485528444635086,0.00067530391217852058,-0.23982206153377061
273,-0.0052433357540253422,-0.030276307212798531,-0.0041211373184968916,0.053073798549865103
274,-0.0058488618982813125,-0.22533892488090829,-0.0030596613474995894,0.34445362943915109
275,-0.010355640395899479,-0.03017358176867041,0.0038294112412834325,0.050807446021375713
276,-0.010959112031272887,0.16489325096412835,0.0048455601617109472,-0.24066481352499791
277,-0.0076612470119903197,-0.030297582448051058,3.2263891210988944e-05,0.053542588482221654
278,-0.0082671986609513404,0.16482390613542253,0.001103115660855422,-0.23913015865663934
279,-0.00497072053824289,-0.030313786448143504,-0.0036794875122773646,0.053900518065196024
280,-0.00557699626720576,-0.22538278609693838,-0.0026014771509734443,0.34542026992794028
281,-0.010084651989144527,-0.030223925522810086,0.0043069282475853617,0.051918136226526412
282,-0.010689130499600729,0.16483600538148782,0.0053452909721158903,-0.23940281342673053
283,-0.0073924103919709716,-0.030361896702426949,0.00055723470358127938,0.054961364855629469
284,-0.0079996483260195098,0.16475206016679342,0.0016564620006938688,-0.23754569801512626
285,-0.0047046071226836414,-0.030393516728011022,-0.0030944519596086571,0.055659265342628106
286,-0.005312477457243862,0.16477266708119179,-0.001981266652756095,-0.23799837616668229
287,-0.0020170241156200262,-0.030320923401710942,-0.0067412341760897405,0.054058943175184004
288,-0.0026234425836542449,-0.22534556912281148,-0.0056600553125860601,0.34460735688552152
289,-0.0071303539661104745,-0.030143559489632044,0.0012320918251243701,0.050144985198123326
290,-0.0077332251559031149,0.16496070309892791,0.0022349915290868364,-0.24214895164624839
291,-0.0044340110939245572,-0.030193101879458728,-0.0026079875038381318,0.051238111661809693
292,-0.0050378731315137322,-0.22527756050204034,-0.0015832252706019379,0.34309705697463555
293,-0.0095434243415545399,-0.030133121169176574,0.0052787158688907734,0.049915296802282627
294,-0.010146086764938072,0.1649127421038929,0.0062770218049364255,-0.2410974866672525
295,-0.006847831922860214,-0.030298309674378604,0.0014550720715913752,0.053558754677654585
296,-0.0074537981163477858,0.16480274755887675,0.0025262471651444668,-0.23866473032813978
297,-0.0041577431651702509,-0.030355202067694154,-0.0022470474414183288,0.054813975876262355
298,-0.0047648472065241337,0.16479889630468003,-0.0011507679238930816,-0.23857706404213574
299,-0.0014688692804305332,-0.030306596231071126,-0.0059223092047357966,0.053742655287763286
300,-0.0020750012050519558,-0.22534313101332135,-0.0048474560989805304,0.34455117825162734
301,-0.0065818638253183834,-0.030152558297739551,0.0020435674660520169,0.05034361257600628
302,-0.0071849149912731744,0.16494003069337171,0.0030504397175721426,-0.24169385143946498
303,-0.0038861143774057403,-0.030225361295331654,-0.0017834373112171568,0.051949702393564834
304,-0.0044906216033123733,0.16492211685850186,-0.00074444326334586011,-0.24129537960718372
305,-0.0011921792661423363,-0.030189192334076187,-0.0055703508554895342,0.051152636785082195
306,-0.0017959631128238599,-0.22523082962479996,-0.0045472981197878905,0.34207287911837125
307,-0.0063005797053198587,-0.030044478830322907,0.002294159462579535,0.047959478917459886
308,-0.0069014692819263168,0.1650445009181975,0.0032533490409287326,-0.24399873832580887
309,-0.0036005792635623668,-0.030123767644025551,-0.0016266257255874448,0.049708598162944095
310,-0.004203054616442878,-0.2252223568609332,-0.00063245376232856274,0.34187786707579548
311,-0.0087075017536615423,-0.03009141316099137,0.0062051035791873465,0.04899556867110777
312,-0.0093093300168813689,0.16494101514836171,0.0071850149526095017,-0.24172315302002556
313,-0.0060105097139141351,-0.030282829150450163,0.0023505518922089901,0.053217430940419752
314,-0.0066161662969231386,0.16480533946471856,0.0034149005110173849,-0.23872295195237858
315,-0.0033200595076287674,-0.030365229645955782,-0.0013595585280301867,0.055035173521350234
316,-0.0039273641005478834,0.16477618919831744,-0.0002588550576031821,-0.23807639430474498
317,-0.00063184031658153469,-0.030342063018528626,-0.0050203829436980818,0.054524870828877248
318,-0.0012386815769521073,-0.22539167066081978,-0.0039298855271205366,0.34561960885625698
319,-0.0057465149901685022,-0.030214038256628162,0.0029825066500046033,0.051700037618602368
320,-0.0063507957553010658,0.16486502051153024,0.004016507402376651,-0.24004039340770728
321,-0.0030534953450704612,-0.030314076507941351,-0.00078430046577749463,0.053906740605537795
322,-0.0036597768752292884,0.1648191117170473,0.00029383434633326131,-0.23902353602144677
323,-0.00036339464088834235,-0.030307035906080471,-0.0044866363740956742,0.05375206007463168
324,-0.00096953535900995175,-0.22536436840272137,-0.0034115951726030403,0.34501604729168828
325,-0.0054768227270643793,-0.030194052705469654,0.0034887257732307258,0.051259270396867174
326,-0.0060807037811737722,0.16487770070450711,0.0045139111811680691,-0.24032089572911713
327,-0.0027831497670836301,-0.030308440392397384,-0.00029250673341427343,0.053782418555990585
328,-0.0033893185749315777,0.16481770375445023,0.00078314163770553833,-0.23899278212140607
329,-9.2964499842572781e-05,-0.030315426460620493,-0.0039967140047225836,0.053937067061209154
330,-0.00069927302905498263,-0.2253798429146667,-0.0029179726634984008,0.34535632402758343
331,-0.0052068698873483166,-0.030216505064699584,0.0039891538170532675,0.05175468080421336
332,-0.0058111999886423082,0.16484801975248489,0.0050242474331375353,-0.23966697021571831
333,-0.0025142395935926101,-0.030345343231671734,0.00023090802882316883,0.054596501340436143
334,-0.0031211464582260448,0.16477329633918167,0.0013228380556318917,-0.23801356325339573
335,0.0001743194685575886,-0.03036752819409877,-0.0034374332094360229,0.05508633171371824
336,-0.00043303109532438679,0.16480354154259158,-0.0023357065751616582,-0.23867914666811374
337,0.0028630397355274449,-0.030284964286568905,-0.0071092895085239326,0.053266116734579372
338,0.0022573404497960668,-0.22530425979776184,-0.0060439671738323451,0.34369755402498836
339,-0.0022487447461591705,-0.030096849661087388,0.00082998390666742198,0.049114871400508575
340,-0.0028506817393809183,0.16501319049878183,0.0018122813346775936,-0.24330607279418598
341,0.00044958207059471803,-0.03013459986612263,-0.0030538401212061262,0.049947942471810391
342,-0.0001531099267277346,-0.22521262913636866,-0.0020548812717699184,0.34166579431369909
343,-0.0046573625094551083,-0.030061502317022371,0.0047784346145040638,0.048335587440371697
344,-0.0052585925557955557,0.16499160521170728,0.0057451463633114977,-0.24283587912901938
345,-0.0019587604515614102,-0.030211936043286425,0.0008884287807311101,0.051653664236271823
346,-0.0025629991724271388,0.16489726485832878,0.0019215020654565465,-0.2407488235883814
347,0.00073494612473943687,-0.030252082069840841,-0.0028934744063110812,0.052539577670201787
348,0.00012990448334262007,-0.22533242515017216,-0.0018426828529070453,0.34430818706523025
349,-0.0043767440196608226,-0.030184308824725253,0.0050434808883975599,0.051044761090905999
350,-0.0049804301961553273,0.16486496251837124,0.0060643761102156801,-0.24004264777934242
351,-0.0016831309457879026,-0.030343092395976129,0.0012635231546288313,0.054546965931908664
352,-0.0022899927937074251,0.16476071894817051,0.0023544624732670045,-0.2377370417646501
353,0.0010052215852559853,-0.030394789598992306,-0.0024002783620259973,0.055687621001588861
354,0.00039732579327613924,0.16476149546048646,-0.00128652594199422,-0.23775164447812869
355,0.0036925557024858687,-0.030342052434217087,-0.0060415588315567937,0.054525196647272345
356,0.0030857146538015271,-0.22537685760500772,-0.0049510548986113467,0.34529585778751115
357,-0.0014218224982986273,-0.030184828182893364,0.0019548622571388761,0.051055798002245856
358,-0.0020255190619564946,0.16490903794167741,0.0029759782171837933,-0.2410097128858194
359,0.0012726616968770539,-0.030255297790739821,-0.0018442160405325947,0.052610430671291397
360,0.00066755574106225747,0.16489304858043108,-0.00079200742710676679,-0.24065379030009204
361,0.0039654167126708792,-0.03021757989282578,-0.0056050832331086074,0.051779210459445779
362,0.0033610651148143636,-0.22525871400473144,-0.0045694990239196921,0.34268843009808103
363,-0.0011441091652802651,-0.03007205213465633,0.0022842695780419288,0.048568065919994463
364,-0.0017455502079733918,0.16501707020282744,0.0032556308964418182,-0.24339327944983236
365,0.0015547911960831569,-0.030151231676474127,-0.0016122346925548292,0.050314775702185288
366,0.00095176656255367437,0.16499380021074977,-0.00060593917851112342,-0.24287638849253662
367,0.0042516425667686701,-0.030119490586417441,-0.0054634669483618553,0.049615347866953319
368,0.0036492527550403215,-0.22516267638393339,-0.0044711599910227887,0.34056950883030396
369,-0.00085400077263834626,-0.029977394500653759,0.0023402301855832905,0.046479995844464994
370,-0.0014535486626514214,0.1651109212702197,0.0032698301024725904,-0.24546364943885085
371,0.0018486697627529726,-0.030057578869441437,-0.0016394428863044266,0.04824886408380441
372,0.0012475181853641437,-0.22515598347511689,-0.00067446560462833835,0.34041408171458332
373,-0.0032556014841381943,-0.030024442181771693,0.0061338160296633276,0.047518543476403607
374,-0.0038560903277736281,0.16500901994699255,0.0070841868991913994,-0.24322281571910281
375,-0.00055590992883377708,-0.030213399754835668,0.0022197305848093429,0.051686199361125229
376,-0.0011601779239304904,0.16487665283442668,0.0032534545720318475,-0.24029555833069988
377,0.0021373551327580433,-0.030291622917810096,-0.0015524565945821498,0.053411819868484645
378,0.0015315226744018415,0.16485255403080618,-0.00048422019721245692,-0.23976051486909983
379,0.0048285737550179649,-0.030262476572634339,-0.0052794304945944538,0.052769635992295671
380,0.0042233242235652779,-0.22530833100121275,-0.0042240377747485404,0.34378219499452134
381,-0.00028284239645897692,-0.030126543482179441,0.0026516061251418864,0.049770262196878579
382,-0.00088537326610256572,0.16495728604790547,0.0036470113690794579,-0.24207488208358507
383,0.0024137724548555436,-0.030216569738694826,-0.0011944862725922433,0.051756173603607458
384,0.0018094410600816471,0.16492248865159798,-0.00015936280052009414,-0.24130338404455454
385,0.0051078908331136071,-0.030197185762538048,-0.0049854304814111851,0.051329271196977
386,0.0045039471178628457,-0.22524729789283662,-0.0039588450574716454,0.34243509300276781
387,-9.9883999388726552e-07,-0.030069248354767097,0.002889856802583711,0.048506415475244369
388,-0.00060238380708922928,0.16501114574630316,0.0038599851120885986,-0.24326333708269193
389,0.0026978391078368337,-0.030165727125921332,-0.0010052816295652404,0.050634624007054319
390,0.0020945245653184071,0.16497062434955873,7.4108505758458797e-06,-0.2423653080531869
391,0.0053939370523095817,-0.030151432726908955,-0.0048398953104878918,0.050319956343546746
392,0.0047909083977714026,-0.22520365148923013,-0.0038334961836169567,0.34147193406448767
393,0.00028683536798679993,-0.03002736882807483,0.0029959424976727972,0.0475826161406398
394,-0.00031371200857469668,0.16505149494757362,0.0039475948204855931,-0.24415356052429693
395,0.002987317890376776,-0.030126617838706682,-0.00093547639000034558,0.049771917351657424
396,0.0023847855336026425,0.16500873471744451,5.9961957032802918e-05,-0.2432060134265619
397,0.0056849602279515328,-0.030114072932750785,-0.0048041583114984349,0.049495826337924376
398,0.0050826787692965173,-0.22516680863619262,-0.0038142417847399474,0.34065913643544726
399,0.00057934259657266458,-0.029990795746499654,0.0029989409439689983,0.046775862362624765
